89303000123948
89102999716472
89103000770947
89403000324135
89503001225118
89501560001224
89101560000726
8931008318
89201560000745
89303001210174
89203001148435
89101560000300
89103001242289
89102999435090
89101560001418
89401560000767
89201560000438
89303000381827
89103000982299
89701560001537
8910005823
89303001226409
89503001224436
89501560000554
89103000852785
89602999388027
89403001206028
89103001110208
89103001144528
89503000649313
89102999113647
89303000687985
89501560000491
89503000051321
89103001220696
8951004181
89403000073665
89503000118205
89603001240937
89501560001602
89103001030975
89503001396429
8951007243
89401560001011
89102999040889
89403001180534
89302999049749
89401560000672
89403001395664
89203001037653
89401560001329
89103000754689
89503001224412
8919300051
89503001396061
89503000283753
89102999715015
89302999120138
89603001202191
89503000465684
89103001066842
89501560001875
89302999784920
89401560000570
89302999078842
89702999443037
89601560001069
8919301000112
89403001201862
89201560001471
89101560000384
89601560001081
89503000073264
89102999444919
891950618
89103001107222
89402999798483
89101560000985
89203001394295
89503001396157
89401560001600
89103000593334
89103000789234
89103000733742
89701560000122
89403001200116
89403001203319
89503001224967
89103001267252
89102999397072
89202999060473
89103000433883
89601560001286
89402999773637
89703001393521
89301560001854
89601560000296
8919301005156
89203001394539
89103000179391
89703001393451
89603000695318
89203000150294
89303000125886
89403001395698
89302999953207
89401560001745
89301560001070
89402999493134
89103001223457
89503000745162
89301560000101
89501560001668
89602999667369
89303001210578
89203000099752
89603001162607
89403000952313
8921002032
89401560000248
89602999667369
89302999049662
8919300051
89401560000846
89602999760348
8951007087
89403001205927
89403001180080
89103001396439
89103000157864
89191001010
898921005007
89203001394014
89101560000123
89203000971634
89203000125040
89101560000501
89403001245006
89102999723471
89102999707559
89101560000092
89401560001792
89601560001863
89203001394027
89103000268100
89302999522354
89303000282238
89303001225743
89103000064463
89202999073239
89102999533375
89102999770552
89301560001539
89403001203177
89103000665463
89103001217316
89303001210536
89403001034760
89503001224545
89103000243243
89403001395365
89203001394926
89401560001686
89401560001226
8919301001043
89102999683410
89303001225855
89503000000092
89301560000088
8918950005242
89503001393596
89203000969501
89402999350657
89503001393315
89403000939855
89101560001516
89703001246922
89103001296060
89202999580921
89701560000929
89401560001490
89102999493251
89101560001191
89103000245064
89401560000660
8919301000960
89102999924857
89102999550689
89302999986980
89102999820867
8921003624
89401560000211
89302999049686
89701560000304
89601560000521
89603001228778
89103001221427
89101560001799
89101560001675
89403001395984
8951004382
89703001246748
89203000166707
89201560001803
89503000008147
89103001013279
8951004678
89401560000812
89703001246955
89302999783632
89503001393656
89103001252182
89501560000777
89501560001082
89192000530
89202999540765
89503001393725
89101560001145
89603001231200
89102999528374
89503001224632
89301560001433
89101560001856
89101560000586
89503001224642
89202999624423
89301560001859
89401560001519
89603001227317
8919301005303
89702999018146
89101560000791
89102999641612
8951003994
89603001241469
89103000946828
89601560000389
8931001745
89101560001858
89503001396240
89103000381683
89703001246880
89301560000540
89503000230537
89603001241354
89103000757765
89601560001486
89503001396179
89401560000027
89501560000204
89103000999062
89703001393526
89703001246863
89102999627692
89303001210465
89103001220655
89203001394943
89103001048290
89303000381346
89401560000672
89401560001538
89701560000494
89603001281109
89703001246825
89602999043118
89501560001614
89403000324139
8931002016
89403000817198
89403001395425
89401560001872
89102999118754
89503000649164
89103000321606
8931006072
89402999544913
89203000963485
8931003120
89103000797221
89102999819164
89102999478046
89703001246945
89403001244192
89403001180453
89401560000167
89102999348883
89703000555052
89201560000862
89601560001085
89203001394363
89303001225758
89103001113778
89503000098621
89103001287294
89102999955957
89302999120138
89403001395933
89103001220710
89203000943996
89203001394572
89601560001229
89601560000214
89203001028237
89603001240861
89203001250245
89102999086581
89503001223905
89403001204018
8931003159
89503000118110
89203001274184
89103000716985
89703001393533
89403001395548
89503000688056
89503000055808
89602999979056
89103000608321
891930076
89401560001785
89101560001101
89401560000615
89603001281023
89401560001728
89103001396451
89303000085339
89103001221182
89601560001738
89103001048225
89401560001239
8921004155
891891001769
89603001162517
89101560000443
89501560000126
89503000118081
89603001281072
89102999047931
89103000617612
89102999505554
89601560001066
89202999086375
89403001180424
89102999477028
89203001394021
89703000729728
89601560000563
89201560000497
89403000696574
89103001396415
89503000015310
89103001249178
89102999478101
89301560001806
89501560001560
89503001396034
89103001051314
89702999421780
89102999992829
89101560001034
89703001246963
89602999771934
89401560001067
89201560001877
89302999049665
89103000174398
89503001045422
89301560001719
89403000037716
89501560000450
89701560000842
89201560001314
89103001217262
89501560001012
89201560001667
89401560001306
89103000937070
89103000082317
89602999019158
89102999464072
89101560000581
89201560000242
89701560001068
89101560000260
89202999038686
8919400051
89103000299736
89403001396057
89403000330754
89302999664738
89103000175065
89403000807720
89503001159681
89102999060745
89603001228417
89201560000723
89103001063985
89401560000612
8919301005311
89503000189614
89103000819758
89103000981042
89302999668701
89203001394066
89103000817675
89103000763914
89401560000600
89103000178650
89302999784920
89303000978842
89203001195266
89202999687842
89703001282173
89502999077233
89403000554916
89303001225859
89301560000145
89102999760579
89102999594911
89201560000830
89203001250276
89102999506603
89103000591428
89303001225787
89202999034246
89202999086375
89103000174376
89503000655592
89102999708128
8951008267
89401560000660
89203001223747
89103000136157
89203001250282
89503001393642
89101560000730
89102999721382
89102999465403
89303001028891
89603001281043
89503001224797
89201560000624
89401560000649
89101560000946
89403001395519
89103000753909
89501560000511
89101560000055
89201560000721
89102999493289
89401560000084
89503000051345
89302999784920
89103000982178
89101560001189
89601560000389
89403001395380
89102999589861
89501560001147
89103001035935
89102999835948
89203001224718
89303001205935
89503001396321
89501560001099
89303001225641
89103001220732
89102999596935
89102999631643
89102999502998
89203001394398
89703001393640
89101560001525
89703001238037
89403001180138
89103000821211
89403001203415
89103000686402
89303001205924
89101560000799
89401560000085
89401560000812
89201560001139
89201560000692
89103000173443
89701560000058
89101560001545
89203001250216
89201560000878
89203000181984
89103001116731
89303001207499
89401560001490
89703001246845
89102999721164
89102999984060
89103001220659
89403001244108
89403000126626
89102999540896
89701560000255
89303001226490
89301560000903
89103001220688
89203000201374
89403001396007
89101560000688
89103000709554
8919300051
89202999397844
89701560001543
89202999868263
89401560000649
89303001210776
89102999663989
89101560000957
89103000635662
89401560000156
89601560001738
89502999995718
89503000253879
89203001064767
89602999388027
89302999660329
89401560001745
8910005020
89603001227303
89103001396438
89101560001364
89403001395799
89102999059908
89402999875171
89301560000969
89703001246957
89403000480757
89101560000241
89503000049991
89503000363426
89503001396303
8918950005240
89602999771934
89403001243627
89203000071864
89203001324830
89103001099808
89202999942738
8918910001010
89201560001769
89503001184124
89602999388027
89403001205853
89703001282166
89703001282122
89103000011223
89503000118075
89101560000849
89302999049691
89102999948939
89102999720202
89403001180781
89103000853759
89102999437580
89303000687985
89603001162607
89601560001212
8931001766
89501560000671
89403000762133
89603001162607
89303001225695
89603001228196
89102999937234
89601560000525
89501560001344
89102999683759
89503001393545
89302999980013
89503001224574
89503001224739
89103001221159
8951002962
89103001015434
89301560001347
89303001210121
89301560001340
89201560000345
89101560001008
89503001066332
89102999083274
89303001051147
89202999081505
89103001128137
89501560001602
89103001396454
89102999628015
89702999523114
89103000953156
89403001205940
89203001231100
89102999652155
89401560001849
89401560001392
89103001220750
89203001250252
89602999749912
89102999541972
89103000100202
89703001246947
89402999049599
89403001206059
89102999079562
89103000178598
89503000693261
89303000123913
89303001226460
89203001026950
8919300050
89503001224559
8931002449
89302999432258
89602999979032
89701560000276
89103000827036
8919300052
89189600073
89189600073
89302999388295
89101560001476
89201560000478
89203000973669
89103000687325
89401560001873
89503000040305
89103000867024
89103001223814
89102999986621
89103001010096
89303001210667
89203001127695
89203001176203
8919610723
89403001396129
89403001396151
89503001224953
89601560000339
89201560000830
89303000034443
89302999049625
89302999660238
89703001181803
89403000628105
89103000175603
89501560001742
89401560000950
89202999055005
89202999073239
89103000231339
89103000485093
89501560001144
89103001342892
89601560000891
89602999043118
891891000723
89101560000700
89201560001803
89201560001190
8919100062
89203000127767
89203001094260
8951004377
89103000593169
89601560000515
89203000971714
89403001395728
89401560000917
89303001209937
89703001282160
89203001395620
89703001393446
89103001051046
89301560001340
89403000774030
89603000311484
89103000683462
89503000055773
89601560000114
89203001250134
89501560000411
89103001396436
89103000105675
89401560000917
89503001224839
89402999782915
8919301000037
89103000175294
8910005819
89203001394015
89502999986000
89403001206035
89103000757847
89103001217357
89201560001169
89202999050399
89103000478021
89501560001289
89402999098999
89403001396043
8951007799
89403000126649
8911008374
89401560000211
89103001057924
89303001050856
89503001224785
89103001246477
89103000498805
89302999677427
89401560001112
89503000630182
89301560000101
89103000864409
89202999036318
89101560000577
89101560001566
89703001246696
89103001085997
89103000693930
89402999775332
89703001247695
89202999016048
89401560000211
89301560000903
89401560000672
89401560001744
89103001277750
89102999864285
89503001224772
89201560001139
89303001207956
8931001887
89103000138542
89603000197044
89703001393513
89401560001112
89403001180424
89202999843126
89303001225711
89103001032133
89303001209918
8951008257
8931004044
89303001209972
89501560001016
89203001394444
89401560001744
89103000045522
89101560001202
89103000094181
89101560000452
89302999751301
89202999016470
89501560000281
89103000740218
89203000994898
89403001180567
89402999029128
89501560000541
89403001395880
89103001016831
89703001184646
89102999413941
89703001246798
89401560000956
89201560001318
89501560000751
89302999049682
89103000755700
89402999067541
89403001206031
89103001221251
89401560000365
89601560001738
8951007828
89503000692432
89103001139272
89402999049599
89203001158942
89603001162607
89302999751301
89103001221159
89601560000148
89103001250033
89602999838041
89303001210560
89103001225715
89403000359945
89501560000301
89202999070953
89302999753618
89103001220664
89189600073
89401560000917
89302999434694
89203001140556
89102999587043
89303001225836
89302999601939
89102999113012
89501560000387
89301560001268
89401560001262
89701560001611
89103000119571
89603001228417
89303001209929
89501560001489
89101560000775
89703001247672
89402999550218
89703001393592
89103000159386
8918950005236
89703001181762
89701560000637
89403001134558
89302999039625
89602999771934
89401560000812
89302999358274
89303001209907
89203001148460
89503000015282
89503001396418
89103001266375
89503000711171
89202999071318
89102999685431
89503001224410
89603001281035
89189200877
89401560001745
89403001396162
89201560001373
89403000304211
89203001394670
89103001221241
89103000699273
89503001224532
89203001289363
89503000101041
89203001394344
89201560000723
89103001220722
89701560000966
89303001225756
89102999386322
89103000138204
89301560000879
89103001396469
89603000754810
89203001322444
89103000819524
89402999541087
89203000996994
89401560000400
89103001056376
89203000965952
89203001028325
89401560000672
89403001203995
89201560000160
89503000685712
89302999623990
89103000608801
89102999353064
8918930006
89303001210772
89101560000742
89503001395965
89703001246784
89101560000858
89302999751301
89302999751301
89601560001367
89302999581066
89103001053712
89403001180810
89401560001290
89303001225795
89303001226416
89102999714763
89403000525745
89303000682260
89103001098620
89302999078842
8951003575
89203001394310
89702999106866
89101560000441
89603001227317
89201560001474
89202999552000
89203001184341
89195001784
89302999049625
89102999628294
89503000015290
8931003123
89701560000356
89102999664723
89303001051127
89503001159705
89701560000417
89403001396043
89103000806459
89601560000525
89403001147620
89103000687694
89102999594462
89503001393436
89403001180867
89503001393742
89103000784858
89401560001633
89301560000282
89403001395658
89603000405416
89102999673344
89503001225066
89203001250283
89103001220721
89102999592088
8931002439
8931001903
89103001254358
89403001180136
89102999037046
89103000732579
89401560001428
89602999043118
89403000904957
89403001395513
89503001224460
89503000191271
89503000051376
89103001232091
89301560000201
89102999677105
89201560000830
89401560001119
89503000021923
89401560001265
89102999530392
89501560001046
89503000000083
8951004492
89102999382351
89201560001878
89601560001059
89303000348158
89403001395408
89503001396247
89302999751301
89401560000887
89301560000797
89102999892156
89203001394915
89101560000132
89102999692566
89403001201940
8919310264
89503001393738
89503001224986
89103001245015
89102999471611
89103000157459
89101560001384
89503000055793
89401560001239
89103001340530
89403001395290
89203000549761
89202999551807
89401560001785
89101560001064
89403000949511
89203001197947
89602999655722
89603001228524
89201560001160
89103000740287
89503000050880
89603000271734
89303001226380
89203000963349
89202999830541
89501560001774
89203001068470
8951002965
89401560000523
89202999019198
89303000381346
89501560000152
89103001034779
89101560000049
89403001396102
89601560001229
89503001224540
89303001209934
8918930005063
89101560000083
89401560000280
89103001049589
89401560000940
89303000127437
8918930010
89603001252308
89501560001371
89103000171223
89403001181122
8951004571
89103001396521
89403001396074
89701560000196
89503000051387
89401560001833
89601560001671
89101560000209
89401560000607
89501560001044
89503001396422
89403001244982
89603001230456
89201560001160
89403000231161
89403001191660
89103000874235
89303001209969
89603001255220
89601560000214
89203000535492
89501560000549
89102999350000
89103001033216
89103001107408
89601560001672
89503000961985
89202999577975
89101560001619
89403000374869
89302999668701
89503000691868
89102999769767
89102999979523
89203001394052
89102999695509
89103001296972
89102999823787
89203001238498
89103000308296
89701560001547
89101560001494
89603001281035
89401560000442
89603001281035
89201560000103
89101560000514
89301560000012
89102999801171
89303001115066
89703001393280
89603000072051
89503000051334
89101560001816
89702999667836
89701560000053
89301560000571
89103001015048
89102999802839
89203001394047
89601560000254
89503001224977
89603001281092
89103001062636
89501560001780
89202999027772
89403001139373
89701560000640
89203001394980
89503001322843
89203001279344
89503001225011
89503001395956
89501560000330
89501560001348
89403000303938
89190005998
89703001246822
89602999677444
89401560000917
89201560000428
89501560001862
89102999719595
89601560000068
89503001396434
89201560001583
89302999120138
89103000740249
89203000094190
8921004869
89403001395683
89301560001447
89101560000585
89102999581054
89103001075841
89101560000059
89403000330657
89603001228417
89401560001785
89603001240943
89189600073
89403000374823
89403001243165
89101560001673
89103000171256
89303001207449
89203001394692
89603001162607
89101560000955
89403001275631
89302999601939
89303001210766
89601560001738
89202999072865
89601560001738
89503001224854
89503001224537
89303000687985
89503000551200
89603000243416
89302999017618
89403001180125
89189600073
89102999571238
89203000100397
89603001162607
89102999438465
89703001246797
89603001162607
89203001250267
89601560000389
89203001250043
89103000742748
89101560000622
89202999034243
89602999667369
89302999660377
89103001270175
89603001227317
89403001201032
89403001203342
89102999926388
89203000973655
89202999028415
89102999530309
8951002964
89103000124902
89303000687985
89601560001738
8918930006
89501560001622
89703001246727
89503001224434
8911008441
89201560001139
89401560001490
89103000945281
89503000685357
89603001227260
89103001245619
89503000118207
89501560001766
89503001224451
89603001240756
89103000225049
89701560001006
89102999753546
89103000978382
89401560000318
89196001375
89103001220295
89103001211557
89303001205918
89102999752616
89603001281091
89194000562
89101560000714
89103001217352
89203000957388
89203001118291
89302999363078
89503001395910
89103000990159
89102999386172
89203001394719
89403000096910
89403001180278
89103000446036
89403001243646
89403000128237
8931001811
89103000209842
89703001282255
89103000745811
8951002937
89403001243812
89303001209915
89401560000607
89103001254309
89503001396243
89603001231067
89403001395353
89203000063770
89201560001160
89101560001092
89101560001007
89101560001439
89103000149129
89702999018350
89189600073
8918930002
89103001213036
89102999616690
89202999034249
89101560000561
89403001395618
89603001281093
89103001111931
89103001230809
89302999017686
8951002959
89103000000313
89403001396170
89103001061802
89401560001491
89403001395450
89503000051265
8931003860
8931003851
89203000944038
89203001225573
89602999760686
89103001221422
89603001162607
89102999481835
89501560001747
89103000022931
89203000974244
89102999076778
89402999484132
89203001065105
89603001281060
89603001227317
89601560001505
89102999695499
89103000328784
89203001263304
89302999432258
89103000115525
89701560001822
89203001250259
89602999749912
89503001159717
89703000028126
89102999574479
89301560001284
89203000973637
89303000125821
89103001100522
89203001394894
89401560000403
89401560000346
89103001247668
89603001162607
89103001123111
89102999647955
89503001067869
89302999950008
89401560001239
89102999687761
89303001207414
89603000629350
89103001229722
89103000799409
8951004440
89201560001141
89101560000699
89203001396190
89103001211340
89203000957487
8951004442
8931001908
89102999718257
89103001217351
89103000978600
89703001393207
89402999049599
89103001101649
89203000505183
89101560000618
89403000037584
89103000628485
89203000960283
89102999503208
89403001047804
89303000474925
89703001231163
89401560000649
89201560000543
89103001096725
89601560000633
89701560000190
89102999681778
89201560000312
89301560000101
8919310206
89202999037364
89202999016408
89503001395942
89103001215522
89101560000776
89501560000221
89120005347
89103000267204
89103000331720
89202999036363
89302999078842
89101560001202
89202999113650
89201560001824
89203001394134
89103001110574
89103001050863
89401560001196
89303001225750
89103000092484
89102999591456
89103000980701
89303001226404
89703001393160
89202999027486
89101560001693
89102999032665
89302999017662
89103000814885
89101560001001
89191001694
89103000108933
89102999422721
89601560001229
89302999034703
89503001396098
89301560000921
89101560001655
89503000393671
89301560001789
8919301001046
89503000015276
89401560000603
89201560000005
89603001227316
89601560001014
89203000115201
89503000649304
89302999945282
89203000963416
89503001175851
89203001393710
89103000819629
89401560000839
89603001227157
89603001240884
89203001027042
89401560000893
89601560000073
89103001230664
89401560000211
89103000942984
89103001109030
89102999720626
89703001246859
89603001162607
89102999927512
89202999028180
89102999550546
89401560000861
89503001224777
89103001220637
89203001054985
89102999491938
89203001250325
89603001162607
89101560000071
89601560000290
89103000617280
89103001088751
89102999519051
89103000484051
89103000484051
89403001204412
89403001395491
89201560000785
8951002955
89503001086088
8921004849
89401560001252
89103001116857
89101560000370
89403001181082
89103001298806
89103000051890
89703001238593
89101560000277
89201560001160
89503000381066
89301560000145
89303001051180
89103001112300
89401560000917
89102999987787
89203001394407
89201560001431
89401560000105
89103001221451
89501560000749
89101560000658
89202999034254
89302999660238
89203000125040
89403001203390
8951003685
89203000973675
89203001116169
89203001037332
89403001201762
89203001250228
89703001246959
89203001394239
89401560000812
8931001835
89103000828091
89703001393585
89202999072865
89303001226485
89303001040042
89102999659618
89102999434967
89402999050301
89503000688081
89501560000001
89603001096384
89701560000815
89701560000489
89203000973665
89201560000171
89103001220736
89201560001127
89102999705688
89401560000917
89103001146554
89603001281120
89603001281035
89603001017139
89603001227317
8918930001070
89402999037006
89301560001020
89403000817309
89102999542591
89603001281038
89401560000492
89103000748266
89203000958087
89702999492163
89103000812725
89102999682106
89603001227317
89103001224003
89103000714149
89701560001821
89103001241918
89203001394114
89103001220759
89403000337423
89101560000029
89301560000994
89102999091343
89403001395580
89501560001327
89401560000909
89203000159366
89103001020556
89103001297381
89301560000194
89102999018375
89103001215270
89102999678149
89501560000594
89203001115966
8931003128
89201560000498
89601560001368
8911007192
89202999083393
89103001234779
89102999642057
89303001210568
89196101062
89601560000073
89102999780538
89303001225781
89603001240726
89102999704952
89103001396452
89603001231034
89202999027772
89202999072865
89201560001702
89703001393274
89503001224491
89101560001278
89102999593396
89103000746100
89303001225816
89203000018470
89201560001803
89310167
89102999505941
89194000324
89101560001281
89103001205453
89403001244943
89203001394018
89102999711091
89192001155
8931002447
89303001207712
8951002966
89703001247938
89601560000978
89102999483058
89203001123166
89203001394032
89103001048372
89303000349105
8919300052
89601560001229
89302999668701
89303000333881
8951002892
89402999492997
89603001281088
89202999397844
89503001224661
89502999995609
89201560000616
89101560001844
89602999667369
89101560001385
89201560001503
89602999043118
89203000183557
89101560001876
89101560001485
89603001241052
89101560000823
89101560000421
89103000333921
89401560001569
89103000608657
89603001227317
89201560001803
89103000127367
89102999677321
89503001225123
89503000118163
89503001224580
89603001254029
89303001210728
89203001394753
89602999052512
89203001308371
89403001200576
89303001225725
89101560000707
89603001281075
89189600073
89201560000478
89503000361047
89102999033341
89601560001484
89603000046435
89202999580921
89303001226446
89103000233135
89401560001860
89703001282114
89103000194047
89601560001229
89203000956315
89703000352863
89703001247688
89601560000067
89303001210786
89602999517627
89403000730513
89303001054161
89401560000944
89101560000848
89302999660567
89403000637522
8931003715
89703000039548
89703001246918
89702999452890
89503000685266
89103000608698
89303001207999
89102999771367
89103000223220
89502999856840
89601560000582
89203001198177
89503000000069
89103000981013
8919400005213
89601560001229
89301560000994
89103000924607
89101560000890
8921004282
89203001394056
89503001224487
89103000174187
89103000773331
89103000820803
89503000055815
89101560000308
8931002442
89503000118179
89503001224909
89703001246916
89603001162607
89303001210735
8951002895
89603001227317
89401560001633
89303001207817
89103000819080
89503001224732
89403001396102
89602999693498
89403001396000
89202999035993
89403001243664
89302999784842
89203001197947
89103001211686
89301560001517
89303001225828
8931003130
89602999388027
89601560000828
89503001225016
89202999881439
89201560001809
89303001225845
89501560001266
89103001244941
89102999707862
89101560001565
89103001211641
89103000942694
89101560000056
89403000324140
89203001394398
89101560000022
89102999763934
89103000988805
89402999877889
89103001238500
89403001201978
89603001162607
89103000193121
89601560001126
89203001395723
89703001282234
89703001246818
89603001245198
89701560000265
89601560000474
89102999690870
8919300054
89501560000439
89103000022941
89202999028152
89103000086822
89103000299249
89302999120032
89601560000362
89403001395767
89301560000631
89203001033024
89203001231165
8951008286
89103001220752
89401560000176
89403001181046
89401560001408
89403000874265
89203001394680
89201560000312
89403000285802
89401560000176
89103000478435
89601560001434
8951007897
89203001128927
89101560000662
89401560000945
89103000686407
89502999842878
89203000533125
89203000095598
89401560000649
89403001180312
89203001394614
89190006000
89603001162607
89102999560747
89103000869863
89201560000723
89503000007582
89103001250287
89503001393582
89102999739156
89503001224510
89402999891117
89303001225718
89203000988140
89103001009932
89302999658936
89203000960413
89102999691895
89203000943102
89501560001643
8919300051
89102999978304
89701560000641
89203000963377
89401560000607
89503001396090
89403001244132
89601560000458
8931003612
89401560000758
89102999060755
89102999038711
89189600073
89190005019
89603001227307
89703001246834
89192001353
89403001395605
89201560001483
89103000988302
4150000432
89101560001394
89703001246924
89703001246789
89301560001587
89503000348608
89203001189636
8951003003
89602999667369
89401560000672
89203001066553
89303001226332
89303001210638
89103001238809
89701560000420
89402999678073
8919610345
89401560001633
89203000306087
89102999551161
89601560000784
89103000278198
89503001224515
8951004455
89602999667369
89101560001460
8919301003743
89203001250194
89203001189823
89103000692501
89101560000094
89401560000211
89103001396443
8931001816
89403000324145
89103001061802
89603001162607
89103000234642
89601560001738
89203000201308
89302999034690
89501560000077
89303000127805
89503001393576
89203001394738
89501560000387
89102999641589
89401560000782
89201560000433
89403000162592
89503001224454
89102999617416
89401560001379
89501560000535
89303001210744
89403000763283
89601560001808
89503001393601
89102999112991
89203001250206
89503000685288
89302999059881
89503001224415
89103000548051
89203001301890
89203000124914
89101560001520
89401560000153
89101560001089
89501560001295
89703001246951
89503000015271
89101560000106
89501560001774
89203000973649
89403001180263
89203000126518
8919300050
891930001055
89503001224480
89103001129215
89189100964
89103000126946
89603001281002
8919300051
4150000883
89401560000718
89503001045188
89103001201807
8921007318
89403001395325
89103000603569
89302999780083
89201560000665
89602999667369
89103000301153
89103001047051
89102999503132
89101560001610
89103001184489
89302999658791
89201560001830
89102999932497
8931001935
89602999043118
89301560000194
89601560000510
89203000077274
89503001224670
89503000685744
8951004385
89503001224395
89103000939937
89203001250152
89101560000850
89401560001490
89102999698047
89103001129356
89403001225543
89202999081981
89103000801884
89701560000807
89203001394141
89103001135238
89303001225705
89303000687985
89303000978842
89403001181156
89401560001112
89103000686328
89602999667369
89703001246792
89102999932703
89103000942814
89103001029051
89103000270678
89601560000705
89103001046302
89503001396238
89301560000903
89203001186939
89202999027482
89503001224719
89503001224688
89703001246719
89101560000863
89403001181044
89701560000835
89503000691862
89201560001597
89503001393558
89503000269266
89102999837632
89203001099916
8919301003145
89602999667369
89303001210586
8951006669
8919300051
89101560000216
89303000593591
89703001246771
89501560001080
89302999985485
89203001113740
89303001210180
89103000953714
89303001039650
89403001200756
89601560000010
89703001282104
89203000694192
89401560000158
8921003727
89201560000614
89303001226005
89203000208204
89202999083334
89703001246920
89601560001738
89203001394038
89302999953207
89203001394398
89601560001100
89402999049599
89102999754532
89503000050148
89403000037716
89203001150737
89103000960361
89503000348643
8931001770
89203001037374
8951002949
89403001206023
89102999040881
89301560001301
89303000621074
89303001207693
89402999049599
89401560001800
89203000973652
89303001226152
89103000996373
89203001026505
89103000942878
89101560001246
89102999543256
89102999033357
89103000703508
89202999027772
89103001245728
8919300052
89703001246776
89103000231518
89201560001052
89503000118096
89102999585856
89302999049686
89103000218252
89103001246303
89203001394703
89103001217354
89103001211700
89503000685767
89103000682021
8918910000
89101560000279
89103001249653
89103001232076
89303001039650
89603001229228
89203001250087
89102999721480
89301560001386
89403001395969
89603001202279
89603001281005
89403001395955
89203001177617
89103001050915
89703001246753
89303000712628
89202999666640
89203001250027
89501560000019
89301560000596
89103000447510
89103001139241
89203001186140
89103000465134
89401560001688
89602999979056
89501560000869
89601560001185
89101560000071
89203001395033
891940005067
89503001224439
89602999058398
89102999680823
89603001228490
89203001250073
89302999660377
89102999959789
89203001394080
89403001394902
89203001394012
89203001117299
89303000129032
89603001280932
89503001045538
89603001230466
89103000318369
89401560001294
89303001210760
89101560001527
89503001159741
89503001224498
89501560000061
89703001393177
89203001212566
89501560001330
89601560000599
89101560001810
89103000958927
89301560001629
89103000958845
89202999083393
89501560000870
89403000891085
89103000980796
89701560001276
89201560001373
89101560000334
89301560001280
89102999933155
89101560000948
89303001225619
89603001227317
89503000067737
89103001113570
89103000038736
89301560001848
89601560001771
89502999984627
89102999736670
89601560000073
89603001162607
89101560000714
89503001224399
89103001139595
89303001225805
89402999049599
8921005071
89101560000904
8919301005047
89203000963447
89503001393751
89602999091379
89202999648774
89102999683505
89202999566960
89603001162607
89203000208215
8918930003
8931001814
89603001228528
89103001053761
89503000525612
89403000324141
89203001394965
89603001162607
89203000201426
89202999083334
89603001230479
89103000799344
89501560001423
89503000118070
89302999744366
89403001181123
89303001225676
89303001210703
89601560000522
89403001181200
89101560000225
89403000285802
89102999417698
89203001213415
89303001209955
89103001246402
89603001162607
89203000544456
89103000064445
89403001396138
89201560001087
89402999049599
89602999667369
89203001394729
89702999668323
8931003860
89203000972959
89301560000907
89203001279441
89202999083334
89403000374772
89201560000002
89603001281110
891930005321
89101560001585
89302999750928
89503001224494
89303001209931
89102999472291
89703001246965
89301560001346
89701560001269
89503000061582
89401560001216
89101560001129
89203000973649
89303001226317
89602999760565
89103000935486
89101560001282
89103001297570
89401560000538
89101560001042
89201560001273
89102999667560
891950619
89401560001695
89103000011432
89702999478843
89103000072942
89503001224764
89203001395642
89503001224938
89503001393188
89189600073
89203000507851
89203001394170
89102999577208
89103001220682
89103001221451
89303001225841
89501560001576
89103001221422
89403001395565
89403001395626
89403001067948
89603001228390
89103000488781
89703001393167
89303000127505
89103000870993
89103000614439
89101560000230
89102999464622
89103001221379
89201560001396
89303001226436
8921007750
89101560001768
89302999660238
89102999505639
89103000927737
89201560001803
89503000368979
89403000073603
89503000015303
89703001246779
89701560000778
89103001231658
89203001394453
89102999106171
89503001224514
89203000401465
89103000924757
89203001147174
89103001220709
89403001396083
89501560001612
89601560000266
89102999501381
89501560000063
89103000051061
89302999658791
89102999504772
89403001181097
89503001395941
89103001032795
89203000208215
89503000693377
89103000458653
89403000823174
89103000918598
89303001207679
89403001394902
89103001281239
89302999636553
89102999633921
89401560001112
8951005264
89103000924607
89103001249904
89103001067556
89601560001397
89103001220611
89303000490417
89301560000423
89203001125192
89301560001797
89402999847899
89203000966114
89503000273200
89501560001039
89601560001229
89103000901325
89201560001700
89303001207988
89701560000959
89103000552942
89203001250300
89401560000084
89703001246929
89102999382097
89103001188730
89503001224490
89401560000523
89303001225650
89403001243812
89203001062026
89703001393497
89302999979938
89203001394200
89203001128966
89403001180211
89203001394421
89503000015326
89302999049675
89103000225049
89302999034679
89101560000667
89501560001091
89402999875061
89101560000694
89703001246774
89403001180275
8951002951
89101560001465
89701560000816
89203000589325
89103001241135
89103001128796
89203001216763
89103001063302
89303001131885
8918930005
89203000118904
89503000015323
89601560000068
89103000733598
89401560001239
89103001112215
89501560000990
89403001202003
8951004435
89103000740751
89503001224838
89101560001213
89102999113010
89503001224828
89189600073
89703000079333
89203001394562
89102999052403
89502999994596
89103000926381
89103001171880
89103000788309
89302999751301
8931001813
89102999695783
89203001394224
89103001220750
89401560001880
8951005304
89603001241061
89703001393456
89203000963377
89402999029101
89503000051391
8919300051
89101560001660
89103001091867
89102999347868
8919301005305
89401560001239
89601560000389
89203001113697
89102999394599
89203001395027
89102999666357
89701560000986
89203001250182
89703001246909
89301560000414
89601560001479
89302999388676
89503001396400
89103000819850
89102999382371
89103000692499
89403001394885
89203000146935
8951002840
89301560000539
89203000209005
89301560001020
89103000785165
89103000711249
89103001245850
89203001015282
89401560001178
89703001393400
89203000500432
89303001209924
89703001246782
89203001395625
89403000010181
89501560000204
8951007832
89601560000380
89503001396393
89401560001024
89403000327041
89101560001009
89403001395853
89201560000657
8931002439
89503001225033
89102999678262
89403001202003
89501560001090
89502999982447
89401560001704
89103000006039
89403000221470
89103000725984
89503000685695
89401560000140
89503001224529
89301560000475
89303000678816
89403001395837
89102999680930
89303001210188
89503001224802
8911008440
89103000964892
89601560000385
89501560001240
89103001240200
89103001396413
89102999477941
89602999029746
89302999059874
8919301000035
89301560001750
89103000768045
89603001230428
89601560000060
89203001065066
89503001225042
89503001393590
89203001215548
89503000007535
89503001224558
89601560001738
89203001395004
89203001395654
89601560000681
89103000899481
89203001249942
89602999667369
89303001225791
89103001046400
89503000051372
89202999028920
89402999049599
89402999686607
89103000981132
89101560000155
89102999060021
89402999767031
89203000544521
89101560001876
89703001246872
89203001322370
89190006345
89102999400226
89194000324
89103001051734
89701560000138
89301560001002
89503001224352
89503000648556
89401560000027
89503001225080
89103001252391
89203001189433
89503001224992
89192005343
89401560001734
8911001550
89103001092204
89402999875083
89403000085141
89403001395465
89201560001732
89103001087277
8931001902
89103001396470
89203000973645
89203000110781
89503001224568
89203001394025
89603001162607
89401560000927
89103001221168
89401560000611
89103000083345
89601560000552
89203000114028
89703001246912
89601560001142
89102999584680
89103000988128
89602999066527
89102999033629
89103000594951
89301560001761
89401560001773
89103001161020
89103001245586
89203001099963
89403000757837
8918950005220
89702999492151
8919301005212
89303001209970
89203000617341
89203001278738
89202999577161
89102999047893
89401560001744
89503001224706
89503000688018
89301560000101
89201560001692
89401560001785
89401560000607
89703001246805
89101560000321
89601560000525
89101560000946
89101560000454
89203000533125
89401560001633
89603001240717
89701560000316
89302999660161
89601560001229
89703001246967
89103000573844
89102999422213
89203001026590
89503001224960
89103001048424
89302999942690
89201560001125
89601560000961
89703001393413
89103001217267
89101560000738
89303001226145
89103000586210
89102999051715
89102999113652
89603001228285
89401560000532
8951004434
89101560001021
89101560000527
89403001395458
89403001207660
89203001394588
89102999638552
89701560000804
89201560000620
89101560001405
89203001394028
89403000285802
89603001228417
89603001281129
89103001221182
89403000066602
89403001394902
89602999760348
89302999049646
89203001395684
89102999693713
891892001199
89401560001834
89203000537711
89703001393506
89403001396094
89401560000091
89403000825599
89103000305048
89302999985622
89703001246905
89302999358274
89503001396215
89103001221379
891930001681
89503000446836
89103001396424
89601560000593
89601560000867
89403000054920
89102999047571
89203000508494
891930001055
89301560000223
89203000968584
89201560000745
89202999580921
89401560000607
89101560000997
89303001207499
89602999693498
89103000067292
89202999580921
89701560000317
89302999950902
89703001282134
89102999926599
89601560000525
89203001026812
89303000989267
89103000372398
89703001246823
89103000770947
89103001325929
89102999714387
89102999676874
89302999660297
89403000324140
89401560001838
89603000890749
89503001393814
89503000362803
891930388
89102999664561
89503001396458
89403000113843
89103001205534
89401560001104
89103001220685
89102999038665
89403000615226
89101560001802
89403000324144
89202999038324
89203001026992
89101560001236
89603001162656
89103001274676
89602999669268
89302999669399
89202999803202
89703001246914
89703001393439
89189600073
89203001395699
89603000067792
89301560000551
89102999353733
891931001778
89403001181115
89403001395944
89203000783972
89403000118663
89203001214455
89201560000472
89503001224753
89102999987089
89503000118174
89101560001015
89601560000351
89102999391938
89101560000911
89503001396224
89503001224689
89103000656022
89203001250262
89603001281047
89401560000956
89101560001225
89202999580921
89602999388027
89403001204449
89202999562345
89401560001796
89603001239689
89303001209968
89102999624673
89602999043118
89301560001854
89503000994031
89401560000660
89401560001049
89503001224567
89602999388027
89302999461859
89302999744513
89602999862613
89101560000118
89101560000739
89603000669223
89403001181133
89603000400821
8951008283
89401560001871
89302999392424
89703001246925
89601560000530
89503001396109
89703001246819
89102999780582
89503000051331
89203000619168
89101560000774
89401560000534
89401560001529
89102999956249
8951004377
89302999078842
89203000617341
89302999842570
8951004433
89203001394321
89102999033330
8919300054
89103001012373
89703001246802
89102999507624
89203000177434
8931001910
89601560001518
89301560000178
89102999597595
89103001240123
89101560001496
8951004491
89101560001444
89501560000390
89501560000750
89303000381346
89203001394906
89603001162457
89403001395393
89301560001280
89103000984975
89102999353706
89301560001746
89103000136814
89303000123948
89203001189743
89103000231285
8918960005171
8918950005239
89401560001112
89403001203405
89701560001292
89703001393372
89101560001234
89401560001779
89603001396392
89501560001032
89203000957433
89201560001190
89203000171927
89303000375457
89201560001258
89103001014313
89303001209939
8911010133
89303001225771
8919301005305
89102999386217
89102999697287
8931005983
89203000968625
89601560001738
89703001393353
89603001281045
89602999058401
89703001246949
89102999060035
89101560000719
89103000947236
89703001393677
89501560000811
89103000545529
89402999875158
89303001116027
891895258
89303001225820
8951007898
89203001394158
89103001098139
89103001062158
89503001027799
89701560000108
8931003803
89101560000402
89603001227319
89189100227
89103001241135
89503000118168
89103001017476
89202999624423
89203001394162
89202999083352
89603001231055
89201560001277
89102999984952
89103000608698
89203000942908
89602999043118
89202999580741
89103001396526
89103001231049
89301560000133
89102999544925
89601560001233
89103000056906
89601560000065
89603001162607
89103001033400
89201560000723
89603001228219
89202999072865
89501560001354
89503001224931
89201560000830
89403001067009
89302999751301
89403001083565
89503001224641
8931005865
89103001297679
89103001249749
89503001353720
89103000084753
89403001203181
89403001395868
89103000136280
8931001815
89303000363391
89703001246733
89103000155951
89202999031051
89203001250113
89603001231047
89401560000280
89601560000188
89103000352191
89103001245782
89503001224589
89302999078842
89401560001128
89102999631669
89103000815871
89503000663162
8921004793
89401560000085
89201560000827
89403001181163
89403001396015
89303001209962
89603001227317
89302999644584
89703001282246
89203001394711
8931002449
89503000050409
89403000374823
89202999576777
89103001051734
89203000508774
89401560000456
89503001396114
89202999382520
89503000051380
89101560000473
89203001140769
89501560001828
89103001231907
89601560000451
89401560001569
89101560000963
89103000988251
89401560001635
89503000055780
89302999591477
89703001246870
89103001245008
89303001210774
89703001246853
89103000834352
89101560000243
89703001393537
89103001220674
89503000691864
8939310449
89103001276805
89101560000564
89203001394482
89103000545529
89189600073
89203001045835
8931003971
89601560000078
89303001226477
89503001225068
89203001394336
89102999597606
89203001182707
89102999423628
89202999028273
89402999686816
89603001228617
89103001232076
8919301004951
89103001220660
89101560000574
89401560000805
89502999958352
89603001227317
89302999985485
89102999651388
89103000783543
89403001395538
89601560001738
89103000113807
89192005403
89503001159733
89601560000038
89602999820421
89103000233706
891950617
89503000051383
89102999730430
89103000745358
89103000802063
89601560001868
89701560001523
89503001130269
89503000592959
89101560000009
89601560000037
89103001055248
89503001396167
89303001118656
89503001322507
89102999541915
89103001221168
89103000901168
8951004385
89189500554
89503000113890
89101560001677
89102999349346
89301560001854
89102999628022
89194000324
89603001202137
89401560001304
89403000023917
89189600073
89203001194854
89192001323
89102999674524
89501560000479
8911004073
89101560001661
89503000051363
89303000125929
89202999083352
89603001162564
89403001205891
89401560000169
89302999979313
8951004436
89401560000607
89101560001690
89102999878828
89403001395480
89201560000559
89403001396037
89401560001633
89602999917533
89503000189794
89503001224746
89403001395597
89202999677383
89103000507671
89403001244192
89601560000180
89503000281247
89203001064986
89201560001830
89301560000592
89103001035533
89202999072813
89503001224885
89503000050434
89103000756531
89103001221247
89401560001812
89203000124900
89302999458957
89103001220725
89703001393569
89103001245699
89203000960367
89403001203427
89401560000102
89302999660329
89401560000660
89102999038679
89401560000513
89203001111243
89703001246943
89103000678800
89102999706671
89603001227317
89303001225803
8951002896
89201560000026
89203001394987
89103001033332
8931001820
89603001228607
89603001227317
89203001170742
89403001180944
89503000092418
89402999875158
89701560001839
8931001834
89403001395437
89103000066507
89103001211641
89101560001494
89401560001798
89501560001345
89501560001726
89603001281040
89103001133116
89602999667369
89101560000724
89103000695863
89103001050881
89102999723766
89191000470
89202999790482
89203000500477
89601560000003
89301560001736
89303001210726
89203001394558
89403001201087
89403000759386
89501560000328
89203001249965
8931004036
89303000976589
89103001035565
89302999522354
8951002839
89302999034590
89103001027550
89402999875072
89303001226531
89303001207469
89501560001718
89403001395750
89201560000497
89401560000085
89503001393551
89301560000903
8919110966
89103000745941
89603001231242
89103001035712
89503001396168
89303001050856
89503000136830
89403000916675
89503001224735
89502999073157
89603001231519
89303001209963
89202999494202
89203001394407
89103000331092
89601560001368
8919400051
89601560001229
89703001282090
89102999952395
8910006001
89103000636163
89601560001512
89102999721215
89103001159406
89603001281044
89203001127651
89303001225735
89602999388027
89503001045635
89202999624423
89102999353706
89202999028287
89703001282151
89102999551264
89401560000649
89701560000864
89402999924053
89203001394126
89303000974936
89503001159624
89501560000079
89203000100397
89102999660827
89103000570333
891931005018
89103001220714
8921003555
89102999955651
89201560000830
89103000098829
89103000654359
89602999667369
89103000372721
89103001034657
89203001109042
89501560001296
89403001180511
89301560001854
89703001246941
89403001203283
89602999760686
89103000901220
89303001184403
89202999382520
89203001156304
8931003972
89203000960261
89202999111993
89102999040884
89601560000841
89503001393671
89203001029685
89103000195207
89203001195216
89503001393810
89402999049599
89603000524509
89503001396450
89203001194239
89101560000737
89403001395898
89503000691860
89603001281086
89602999760348
89103001247617
89503001225092
89401560000176
89503001395931
89203001394464
8921004216
89303001207981
89703001231183
89503001396121
89501560000082
89103000095029
89202999494202
89403000374853
89103001211686
8951002956
89403000693056
89103001199615
89603001241087
89102999641105
89103000196237
89201560001318
89601560001058
89202999028186
89403000818558
891950585
89703001247809
89103000129734
89601560000269
89603001227317
89202999037252
89603001280923
89403001396024
8931001806
89401560000992
89403001038131
89202999083378
89401560000219
8919301000512
89202999577161
89603000151986
89503001224501
89603001118215
89203000786328
89302999642240
89103000692419
89103000304721
89103000318341
89703001282225
89503000051392
89302999078842
89603001240331
89703001246865
89102999723546
8951002935
89403001395314
89601560001267
89603000789340
89501560001589
89101560000733
89503001396199
89203001394208
89401560001490
89403000085179
89103000124509
89102999711464
89103001220735
89102999505991
89403000491574
89201560000297
8951007794
89701560000710
89302999644584
89103000174244
89503000015305
89603001228391
89103000829932
89302999049682
89503000067711
89401560000349
89302999477486
89603001229513
89202999552260
89196000382
89403000480757
89103000945622
89503000007590
8931002255
89203000535492
89101560000373
89102999086684
89703001246768
89302999601939
89102999505573
89101560001666
89203001394626
89402999049599
89103000766638
89501560001825
89202999551807
89503001224615
89501560001765
89103000197890
89203000957854
89303001210170
89301560001854
89302999120138
89203001116169
89501560001627
89501560001152
89401560000512
89301560000589
89601560001229
89601560001098
89203001394649
89203001394076
89103000681923
89190005820
89503000115235
89503001393735
89503001108942
89402999093143
89203001394030
8951002929
89302999078842
89102999664956
89301560000174
89103001288484
89303000947028
89503000688105
89202999070953
89103001266375
89103001395881
89602999517627
89203000957456
89703001393362
89303001210757
89102999387182
89203001279575
89203000218120
89203001011413
89103000986997
89202999027766
89103001395863
89403000072784
89602999043118
89102999075866
89103000145817
89501560001482
89401560000894
89602999667369
89601560001662
89403001204047
89103001245853
89701560000361
89403000123052
89101560001658
89103000919923
8931006213
89103000259019
89603001281059
89203000966191
89403001395643
89202999561917
89103001030930
89301560001632
89203000105070
89101560001698
89101560000469
89102999463520
89303001040042
8951002936
89302999577944
89602999760348
89503000051277
89103000946930
89101560000165
89103001142057
89403001395811
89103000935849
89103001396430
89303001226391
89302999522354
89302999682613
89103001249896
89203000150140
8951002952
89102999417905
89303001210477
89602999667369
89601560001515
89503000051379
89703001393151
89203001395021
89203001055097
89101560001407
89302999577944
89501560001360
89701560001653
89601560001403
89101560001412
89203001177434
89503001396049
89103000168707
89602999388027
89701560001701
89103001187204
89203001116169
89701560001588
89303000543920
89401560000812
89703001393579
89503001224742
89401560001490
89603000225078
89501560000306
89503000050373
89501560000702
89703001246867
89103001220644
89102999676402
89602999876956
89403001395711
89703001246878
89302999751301
89302999120161
89503001395932
89202999801926
89103001033506
89503001396235
89401560000765
89103001396465
8931002614
89302999668701
89703001246711
8919301000036
89603001230333
89203001394149
89102999488497
89103000753420
89302999388636
89203001189524
89603001118516
89201560000311
89501560001232
89101560000445
89401560001252
89503001224700
89401560000917
89301560001761
89201560001782
89503000369045
8951003579
89303001225729
89101560000943
89603001281083
89103000821329
89503001159559
89602999669599
89401560000027
8951008287
89503001396070
89203001394269
89703001282128
89501560001426
89103000952957
89203001231180
89102999113625
89601560001229
89302999727310
89703001393420
8911007772
89103000829828
891930005321
89201560000830
89603001280928
89401560001490
89503001224882
89703001247682
89303000123948
89191000188
89102999961431
89403001396111
89603001162607
89601560000681
89203001394639
8919301005044
89202999983015
89501560000915
89202999029266
89102999657366
89602999043118
89103000765216
89202999624647
89101560000170
89203001185899
89403001395412
89603001231187
89203001394524
89102999551148
89103000665457
89401560001884
8919301005048
89203000971684
89203000697272
89103000075916
89102999688677
89501560001850
89102999106539
89203000206198
89302999049725
89603001280879
8931005893
89403001206035
89103000814895
89302999660238
89203001394088
89303000127721
89102999951975
89101560001335
89301560001143
89601560000681
89101560001770
89401560001790
89601560000525
89501560000284
89103001220633
89503000051265
89103000128850
89303000747021
89101560001247
89603000024515
89203001394383
89102999576046
89503001396412
89102999394555
89102999106626
89103000603444
89702999685618
89203001176262
89103000937093
89203000711348
89202999028276
89103001096262
89601560001487
89103001112300
89203001250331
89302999017693
89701560001701
89103000936986
89203001394934
89503001396245
89202999552260
89403001204377
89503001396251
89203001147132
89102999779428
89101560001187
89203001394246
89602999667369
89301560000539
89101560000780
89302999120161
89701560000987
89102999760556
89103000747088
89401560000503
89302999364492
89202999552000
89403001395390
89401560000607
89301560000576
89303000283886
89703001246760
89203000349891
89402999759187
89401560000365
89403000330754
89503000745243
89201560000329
89103001127540
89103000945477
89403000757705
89401560001759
89103001246030
89103001096405
89103000120543
89103001396438
89191111363
89303001209954
89189600073
89103001075521
89601560001738
89601560000144
89203001211761
89401560001599
89103000740289
89102999500059
8931003127
89101560001223
89403001395298
89503001224390
89401560000442
89192001751
89203001394019
89303001210749
8918950005241
89403001181046
8919350005358
89103000361190
89103000588427
89203000110781
89203001062110
89503001393802
89202999594376
89103001210538
